7.754482262384102542e-01 6.397267176635787145e+00
1.303764760019157309e+00 6.454372526127702514e+00
2.923774302075234921e+00 5.767789074614866784e+00
2.255402614617424195e+00 6.618523121201637771e+00
1.165932064393531142e+00 6.564027387406489389e+00
2.668248375084466328e+00 2.399881517315654023e+00
1.992728696497735985e+00 6.672405474723391627e+00
3.082977691503452355e+00 2.247552974330671915e+00
2.584556187417885287e+00 2.329946923354809130e+00
2.277846708525052222e+00 6.128372133693624768e+00
3.224579858609686767e+00 3.106715650636765691e+00
1.123346711958338240e+00 6.492759799560267275e+00
2.972948397710097002e+00 2.719830552423993186e+00
2.900382264006509114e+00 3.161830570020157882e+00
2.883009792865455445e+00 5.798717914603425783e+00
5.717140432623654789e+00 4.508207682643623926e+00
5.153864532170766566e+00 4.933059055611178856e+00
3.422607013187599190e+00 4.440554832706247623e+00
3.309262256797901092e+00 3.931481902261467987e+00
5.729037215434910735e+00 4.935907305784949628e+00
2.476888712335640452e+00 6.178373499316268003e+00
2.929007016964976007e+00 3.106500285641846215e+00
3.328531168599638601e+00 4.183378955345556705e+00
6.103213065930501724e-01 6.491023604391860324e+00
8.626222624643793413e-01 6.384500265454239099e+00
3.582586956506450981e+00 3.623000857486535775e+00
3.532830711919713540e+00 4.641926734823671019e+00
1.154999053570852974e+00 6.488596203719048106e+00
1.435655188978138541e-01 6.482725777959100988e+00
2.715159808687007015e+00 2.716503280576339829e+00
8.298613204087599726e+00 4.312636717965620647e+00
5.361759962296143378e+00 3.661257538955037472e+00
2.822422536296298023e+00 7.715108775794072393e+00
3.220082885175984622e+00 1.577181384101297823e+00
8.034924483991670030e+00 3.952889761800087776e+00
1.024128707824258688e+00 6.093925280366295993e+00
2.511643168876195986e+00 7.296965448052365133e+00
3.245397628284230507e+00 3.271086945774235311e+00
1.586152802662633921e+00 7.226673731642051735e+00
5.884750501754942853e+00 4.360345957301890785e+00
6.235222808505754166e+00 3.861226144026818297e+00
8.487409566358451229e+00 4.318435013025568203e+00
3.143797389985961921e+00 1.561300756833478909e+00
6.430332594154825721e+00 6.656897822302673795e+00
8.305773787650092999e+00 4.078097682316832895e+00
3.798521692328377330e+00 4.820761829242304231e+00
1.421626595713350705e+00 5.003700348770533601e+00
6.275661551161161533e+00 6.660386479269129190e+00
7.306494348181494791e-01 7.045707235213106934e+00
5.617478465818260602e+00 3.387831247735139328e+00
1.165157077066023339e+00 6.805508707903098475e+00
1.715077905786183132e+00 6.205087145833468654e+00
3.015549244920467942e+00 7.671373913295182589e+00
8.455007686583140725e+00 4.180560237668359491e+00
6.149723894497813426e+00 6.611121161637433019e+00
6.118249101934203793e+00 6.656310461670650547e+00
2.901684182305620752e+00 7.297337583967855146e+00
1.590561452740333337e+00 7.289209223130307613e+00
7.615913172046427704e+00 4.074991645954273878e+00
2.825741746751234462e+00 1.705033441856305787e+00
6.236552860849939428e+00 6.796224818682818913e+00
4.205816821052362542e+00 5.204709463847581929e+00
3.414319081201923733e+00 5.630743480210670171e+00
3.939994798703571277e+00 2.387828447481604055e+00
2.150160739953765887e+00 6.877760938178643535e+00
6.366311727629337724e+00 4.720319424321787416e+00
2.559993964222063045e+00 6.010444022049547641e+00
6.291324897763978186e+00 4.281589876719816168e+00
1.720763627912590410e-01 6.636928596919013934e+00
3.069851389109753192e+00 2.277981566464984287e+00
2.982324172799428297e+00 7.652312165532593191e+00
8.286900062609608986e-01 6.052017083080317938e+00
6.272906672941859441e+00 4.861843390682014210e+00
2.356440208278875126e+00 4.534370013827514256e+00
8.609764658229029921e-01 6.429460864192163783e+00
1.937639889663428150e+00 7.092152076309985453e+00
8.036043491639949465e+00 3.892245460673718238e+00
3.655783317583583880e+00 5.570181485642694774e+00
6.513159292496397690e+00 4.908424806983037847e+00
6.517587805817818269e-01 6.190413482054922589e+00
6.124262092832712057e+00 3.826561524354742616e+00
7.210071556325299280e-01 6.243701836187994125e+00
6.047511433099892919e+00 4.452362940521561896e+00
5.501499987128662283e+00 3.629956971910989427e+00
4.042429706286569058e+00 2.191031228442203993e+00
2.841792288287607438e+00 7.492442605089651764e+00
4.070704803222446877e+00 2.124660769443130981e+00
2.664488182292056528e+00 7.393831228076679807e+00
3.553509320445864983e+00 1.801052234555602150e+00
6.375069848952379381e+00 4.344395080327863923e+00
6.429134613113290264e+00 6.829685590174224608e+00
5.447435472996787986e+00 6.118027152106240152e+00
7.783927341944138156e+00 3.843904650226218855e+00
7.761900726320249966e+00 4.046317745575738201e+00
8.164403057643019324e+00 4.442794278703170896e+00
6.448307190163744984e+00 4.423196333339345365e+00
2.529300971707157064e+00 7.110707358733003858e+00
1.733891678089632737e+00 7.293960160781206348e+00
3.059652185825129322e+00 1.951108971668807923e+00
6.200320189086387046e+00 4.005146918080257912e+00
6.065744684931090092e+00 4.714272075446258370e+00
2.768378936667078349e+00 2.231245142419479688e+00
6.230651018773918359e+00 4.245874391324409025e+00
3.306864589097567642e+00 3.868538697291519224e+00
1.549458871788069514e+00 7.448291478162944124e+00
4.948264583546469808e+00 5.253111966315088033e+00
3.032603469762031878e+00 2.489035511871221740e+00
6.068108188023367822e-01 6.797187127378227167e+00
6.064603352147279303e+00 4.849651882114065060e+00
1.298058067111283798e+00 6.465612189337694105e+00
5.835820198313474094e+00 4.126773860886706835e+00
5.966159010190231982e+00 4.772873852223103341e+00
2.232795382790562222e+00 4.415729509643049333e+00
3.346814128344743899e+00 3.535131121587568703e+00
3.314435311442769372e+00 1.720994199584224393e+00
5.457096767684065597e+00 5.899945541350168021e+00
3.448561753425024357e+00 4.487061392513879809e+00
8.147072033521979506e+00 3.980602332964249701e+00
6.372332213830680381e+00 6.668868421762725873e+00
3.177423106485513848e+00 3.604322619138604633e+00
5.519948977229451437e+00 4.366933101060746836e+00
5.459394684238605855e+00 3.267093299282988195e+00
6.244502932294065722e+00 6.838779667677833629e+00
3.819885079485258572e+00 2.022700283586964964e+00
5.600394768064967721e+00 3.648399858335257928e+00
3.422825621087477455e+00 4.465587170434393016e+00
1.178919989740821794e+00 6.949850988823969011e+00
6.191509802603009760e+00 6.477028729810103691e+00
2.670954871510214712e+00 7.640709810209750152e+00
5.264863486602461506e+00 5.962107502968921224e+00
8.148682062975900919e+00 4.531914044817763276e+00
3.391566838196354627e+00 5.428503312264543190e+00
9.498241422579685178e-01 6.670046344367318802e+00
2.919808670115972227e+00 7.659411772246994765e+00
3.785189704953202838e+00 5.525332944247907996e+00
3.034222169649637202e+00 3.708542167624421459e+00
3.390695447828182107e+00 1.559662063766753759e+00
2.867717660607265628e+00 2.565739571957360354e+00
3.516431483036734362e-01 6.382505382121407500e+00
4.744975182061595298e+00 4.118088952571825168e+00
7.741059979252364442e+00 4.173072975653564498e+00
1.537945089977328816e+00 7.386941782067675710e+00
2.979337064200111573e+00 7.718527366315394822e+00
3.066124041965589075e+00 7.816432188046469776e+00
6.028938401263443048e+00 6.823696710660616560e+00
4.371508103437487414e+00 2.513380187125373144e+00
5.193723271096989613e+00 3.071206120485319602e+00
3.055274582606561928e+00 2.528884386705440690e+00
1.138806326502305871e-01 6.374580549667076212e+00
8.450140607962579153e+00 4.209048000817019464e+00
1.786373531192572972e-01 6.750245143241253132e+00
2.416808766414344944e+00 7.168632140892204241e+00
5.279276682743558879e+00 3.205546146628141191e+00
6.105895318332045463e+00 4.481030084892084098e+00
6.285794905196753213e+00 6.642283449481181101e+00
3.916385181081679878e+00 2.723478650794572076e+00
5.402061771850083183e+00 3.333152775365329834e+00
2.359274317703683010e+00 6.281239833091492031e+00
7.383913520324323798e+00 4.333428520259787753e+00
6.262290553721834740e+00 5.124275409228231659e+00
1.951606307161224407e+00 6.944546645881326974e+00
2.138874717902300215e+00 7.434708501485907561e+00
1.664048110135910807e+00 6.633363774570281812e+00
5.528604218904684231e+00 4.801284466898588121e+00
8.296990676557063793e+00 3.810724992729094929e+00
2.402123657969740478e+00 4.457355812981320220e+00
8.424426529796715357e+00 4.192189738611258321e+00
3.209981111326205561e+00 2.142605698361291555e+00
4.630942221530106373e+00 2.708518248399181871e+00
9.188622742076382188e-01 6.999522290404363467e+00
2.657033191621881674e+00 1.565468459776240717e+00
3.691436655027348301e+00 3.344472662038211475e+00
2.679978725935258321e+00 7.299202434726641542e+00
5.559028756063479904e+00 5.880280425722665072e+00
6.274468773145897238e+00 6.817514310129755728e+00
2.345001547311210466e+00 7.349133583093171218e+00
2.622479043273782118e+00 4.511889772759099415e+00
3.745253192421289512e-01 6.743404231613717492e+00
6.212975976983118542e+00 6.704715734179532483e+00
2.236359304126979364e+00 7.488528676844347309e+00
3.403097493217325020e+00 3.960953286437145060e+00
3.257974421880243110e+00 5.676774640420094720e+00
6.072612051905569963e+00 6.585642326967815485e+00
5.738456240073888992e+00 3.289499226082895245e+00
1.844116492535046836e+00 7.345615466145894779e+00
3.598165661110846347e+00 4.076415299872305553e+00
1.079226723806465449e+00 6.289024600457397973e+00
3.818409629946582839e+00 4.788085564837304631e+00
1.526975583305621331e+00 4.990528679861397698e+00
5.585835587142542025e+00 6.170956446921121774e+00
5.518333947087787905e-01 6.822177153377681158e+00
5.975444143956642584e+00 6.908231389351736418e+00
1.474748016764951375e+00 4.888268795080406015e+00
7.670123316334455765e+00 4.203438466044079114e+00
4.909051879696908038e+00 5.717204797367931413e+00
2.938921826055691078e+00 3.362886481665878335e+00
2.670696390000697473e+00 7.704781885685453524e+00
1.497558297871637079e+00 5.207323752524847471e+00
6.003508201820554113e+00 4.172927489336930584e+00
4.080277566786329579e+00 3.948539651910222936e+00
7.839380075417559546e+00 4.342121695600375197e+00
7.905228887182573771e+00 4.236379425478778771e+00
8.381895843546833813e-01 6.605814168978193734e+00
6.306058408862941000e+00 6.485060618259913312e+00
6.288101904141564447e+00 6.895182554653139562e+00
1.044439954230903744e+00 6.221854838702422619e+00
3.444648545650562443e+00 3.750970557771181380e+00
5.164162514203781917e+00 6.175878848302718716e+00
5.725495256298289704e+00 3.591401327050328884e+00
2.553118598534596995e+00 1.956080049675818611e+00
5.412094962422173694e+00 5.963753230265537830e+00
3.583570694828427161e+00 1.785721929866550983e+00
5.034119871896006515e+00 5.743776343586779909e+00
2.352744883391024278e+00 7.237512500602890420e+00
3.681326169831561135e+00 2.141098427670611315e+00
4.061683835674864795e+00 5.116484445757714994e+00
6.269230508320944750e+00 4.707977167813871766e+00
1.570435063626779648e+00 4.770652106287158745e+00
5.985903221230858051e+00 4.286051796848608042e+00
2.653015880624877809e+00 7.280396193331823085e+00
6.227516429279763344e+00 4.359101291205305984e+00
2.444237572584442297e+00 7.273225441206030872e+00
1.568451008866151297e-01 6.407018813788030620e+00
5.584182872172893219e+00 3.369017300089578448e+00
3.779843106608624215e+00 4.703144782469940388e+00
2.893467580447274035e+00 2.223583591979818141e+00
8.456582744092644432e+00 4.040797254632045643e+00
3.365372193620573160e+00 2.468815209695370161e+00
2.803934942809305220e+00 2.645761962673506495e+00
2.670095226798996801e+00 1.793487525807179406e+00
5.724622918006968320e+00 4.147743608171283292e+00
2.175624827246515292e+00 4.575278159260891542e+00
3.480336180263926771e+00 4.134330635103478535e+00
5.941022573870995416e+00 4.286160717276964682e+00
8.039180271971030578e+00 4.480269075901795794e+00
1.434502321377734368e+00 6.534055407045602060e+00
8.191209237973668067e+00 4.193104179305940704e+00
6.420173253511432421e+00 4.718455350218483169e+00
7.253564992452706806e-01 6.938202603786494116e+00
9.902083089435855801e-01 6.184592080592514307e+00
3.679143099605246103e+00 1.929896957612210251e+00
2.590950708441758787e-01 6.129315721241234804e+00
3.326235083112175417e+00 2.229068000923578374e+00
6.141589291329291100e+00 4.572002159385724518e+00
3.495814942338177911e+00 5.507543355496896886e+00
8.015181718261278121e+00 3.916261104211544275e+00
3.521734561359539661e+00 3.369740344226014539e+00
2.950211503233485466e+00 3.665972848685833174e+00
1.620510172945828886e+00 7.167625210449763529e+00
6.975349686247506176e-01 6.436009167389712182e+00
2.973439604369643163e+00 2.372727091194840821e+00
2.871684355086576712e+00 7.543754620890342544e+00
9.864364156341031142e-01 6.268090332733952330e+00
6.376375763482130310e+00 4.108979084441726215e+00
1.406196091035410767e+00 4.834732910026428243e+00
3.316776271386489228e+00 4.691795988338666845e+00
4.419004518198856424e+00 2.628459035419124845e+00
4.177348384018947924e-01 6.320232755019047133e+00
2.841739810740762096e+00 5.829495036444326317e+00
8.300851111962490592e+00 4.266023142512602284e+00
2.696903866541530359e+00 2.124337542608682128e+00
1.927114965320737561e+00 7.299946454380575211e+00
2.008520218416343095e+00 6.193542269274348477e+00
8.246623328947764620e+00 4.265510815595724203e+00
5.921317773763397518e+00 6.856332559863956178e+00
4.055143279604044082e+00 2.413704906487979862e+00
8.127054757843680477e+00 4.531662254342103680e+00
8.063891520753747599e-01 6.734314950494380447e+00
5.048348234133698265e-01 6.904860484012417920e+00
3.205244521994631057e+00 2.794068036432514113e+00
6.286426768388302833e+00 4.595383396543342158e+00
6.564397786076907604e-01 6.256368672273287856e+00
2.446533706519937290e+00 7.418724791257351292e+00
8.365873365939501483e+00 4.529328945605273660e+00
6.392180371082471169e+00 6.849713100283087108e+00
2.088788484968426395e+00 4.681108308580928856e+00
8.431787727905811991e+00 4.015049253680180286e+00
5.384854446834284936e+00 6.102811916385763702e+00
7.549565591878589998e+00 3.976457392307519267e+00
2.601459090963736287e+00 2.097944521031850584e+00
6.512431587498880070e+00 4.358326786962036792e+00
4.153468612064657783e+00 2.364511188554197396e+00
5.368789488138221877e+00 6.073197333190520908e+00
3.795030416562159559e+00 2.429285082819474972e+00
8.013431046232248889e+00 4.268447091828593720e+00
8.238633161457785903e+00 4.518864174418080637e+00
3.516105726536560838e-01 6.293339092709306470e+00
5.696373695529482362e+00 6.301421793169197372e+00
2.963834235109864768e+00 7.648437823673785552e+00
3.438154327958677037e+00 4.753663306623062468e+00
2.390952237707340888e+00 7.004077360199164382e+00
3.518577183345689363e+00 5.047346243742560468e+00
4.631457943495513874e+00 4.502273006902161256e+00
5.969513840217972600e+00 4.058947598716880378e+00
6.337267827364365225e+00 4.123006573046893664e+00
3.083498302358238963e+00 2.375601670597069504e+00
8.487990606556309103e+00 4.505014091204608384e+00
9.270303215938553443e-01 6.116631325849886558e+00
3.300884537135114538e+00 2.724765958501622620e+00
5.245303826431105820e-01 5.866079756491602737e+00
7.295512936582870367e+00 4.275831898153902522e+00
8.009930569148492552e+00 4.364535918258218850e+00
5.408161434603991680e+00 5.473836539019004022e+00
1.688441846564684434e-01 6.422682438587664855e+00
5.299189115730181809e-01 6.657627954112432356e+00
1.399012304286063602e-01 6.562716468110155077e+00
2.859166491873294191e+00 1.835716799146120959e+00
8.428050303066036975e+00 4.306390536857660045e+00
4.862129170586805493e+00 5.647137090338790522e+00
7.463368679419354557e+00 4.064295571259864737e+00
3.849439374347308540e+00 4.232632810833888648e+00
2.330625095670242786e+00 4.652169936609510614e+00
3.372186114543955782e+00 1.657566747962341047e+00
1.576993762621057504e+00 4.649486764150633000e+00
3.603860843632552546e-01 6.611689699773469542e+00
1.168617552327306131e+00 6.363944705869333696e+00
2.786299316252089486e+00 1.564808259352134856e+00
2.912355002490542244e+00 2.210903291423844674e+00
4.283291210559990070e+00 2.502737524024656324e+00
2.024336462663363090e+00 7.058016537176690974e+00
7.892409333280436812e+00 4.500112501080777427e+00
2.753458509514373986e+00 3.028843921399678063e+00
2.291052169073355960e-01 6.626012824168870274e+00
3.196576694029750865e+00 1.465458021235051200e+00
6.142701064374835873e+00 3.944756152868984511e+00
5.798775564204400546e+00 3.860083143726757093e+00
4.259707052936821725e+00 2.358094343112319358e+00
5.936490837777802732e+00 6.647136931999178877e+00
4.576478111601383958e+00 5.570361279867300119e+00
6.154364404316222448e+00 6.727895259963693420e+00
8.182605275924849764e+00 3.926268692317103959e+00
3.779121154081443112e+00 1.866176442035568206e+00
2.631116602437902241e+00 2.384699640740034710e+00
3.851690288531123052e+00 2.173822107697525041e+00
3.893298684706336221e+00 2.696399607169897905e+00
5.120344565863531372e+00 5.782468647784706484e+00
5.262279526168719634e+00 3.333185280284723273e+00
2.737362583698184082e+00 4.612969087246688638e+00
2.709121374511006763e+00 4.509469168764948854e+00
1.494623286392025907e+00 4.715898331755248307e+00
4.831799303724610972e+00 2.825687466453279839e+00
2.764780015445417405e+00 1.680417373591870156e+00
4.998138560202293412e+00 5.662413561862778444e+00
1.592393662145871636e+00 4.680079452190566869e+00
5.825147471929547294e+00 4.426547674865688009e+00
3.151164872218100488e+00 5.725094576209867725e+00
5.126191273167436613e+00 3.747208101173748585e+00
7.498428942795311025e-01 6.606178665710306319e+00
2.715457086387687013e+00 1.818945049844324480e+00
2.621050434772775883e-01 6.191640122329065576e+00
5.098737916901188605e+00 3.183705246209659112e+00
7.992864192259085065e+00 4.664785344551479085e+00
7.743637154961798608e+00 3.890533751091423742e+00
3.344813729339117359e+00 4.183024087359538790e+00
6.324069245295594222e+00 6.855269140332121758e+00
7.742149293796730447e+00 4.153609040626879967e+00
3.024164001250202460e-01 6.175934816847015618e+00
4.202908785770183009e+00 2.652273862697954954e+00
3.358497495244607833e+00 2.391488776820079654e+00
7.469105519914894131e+00 4.147633077766804455e+00
3.092227408861184745e+00 1.453605168002847225e+00
3.424101352539818066e+00 2.540179082397018728e+00
3.146189868351251029e+00 1.415652741819017013e+00
1.703820611383255468e+00 5.082269215109018745e+00
3.299481552942836959e+00 2.465100902559722584e+00
8.509180746780954152e+00 4.536902099652559528e+00
3.781398086914691703e+00 5.709702361380052160e+00
5.701382947031384596e+00 6.284521041501287542e+00
1.035570026687923306e+00 6.721609814910812553e+00
3.891567199364718732e+00 2.676035390860261209e+00
4.842786694462845709e+00 2.837022760796377607e+00
2.526311574590859532e+00 4.469402262995037844e+00
4.598649547216561828e+00 5.430074112875670878e+00
3.260017559702450995e+00 2.997548559256328016e+00
1.399990871928050273e+00 7.412756463019770869e+00
1.753232147470588642e-01 6.640322131267503813e+00
2.728516025864316408e+00 1.419540178241669892e+00
1.108213296320541108e+00 7.045532515328593703e+00
6.370819708606543230e+00 4.449527980408347183e+00
1.525095038308387885e+00 4.970540410639386231e+00
1.588761397398251729e+00 4.756268583327648791e+00
6.601905076615789625e+00 4.485545697361880357e+00
5.736261375257448947e+00 6.446038103864410118e+00
3.404291932378812557e+00 4.973413855363432390e+00
8.335777767183697451e-01 5.962822367687070191e+00
4.450296012148173275e-01 6.380097144994099523e+00
3.271245879054515804e+00 5.501036256492147558e+00
3.584674917976224950e+00 5.534810999515632268e+00
9.404536048458767006e-01 6.951592876198842141e+00
4.313662957224261518e+00 2.411544022239001439e+00
6.157872055609929340e+00 4.639117565000042909e+00
3.256805086194897392e+00 5.204320675896326520e+00
5.893397976281005590e+00 6.731961398610268432e+00
2.363044743066654796e+00 6.460742804399129291e+00
1.603157676580717839e+00 7.340989885060341003e+00
7.799907246101937197e+00 4.265380433957458806e+00
3.729233962294818738e+00 4.368160658842847432e+00
3.110679209643176790e+00 5.937511113923912731e+00
2.816700205115504119e+00 7.363650381100148579e+00
2.982755348801539252e+00 2.028802389676876761e+00
