8.263971333771151784e-01 6.534029623254293817e+00
2.250423120230597984e+00 6.501835830074846001e+00
6.615192104844956900e-01 6.496521056393011584e+00
9.915058190224674828e-01 6.707135059150894918e+00
2.679502742292538375e+00 5.545206424508164922e+00
2.687766952620028515e+00 4.538996595770038667e+00
1.687640490723668618e+00 6.619448884840979375e+00
2.776579696239683148e+00 6.092698964408342910e+00
8.117315736402750392e-01 5.672369491951521070e+00
1.567774871882195997e+00 6.591158528415150819e+00
-3.811697818317320574e-01 5.626008117132479391e+00
2.753590049419253116e+00 6.441781671620066874e+00
-1.166817106699031159e+00 5.047210665732111856e+00
1.531896345060367093e+00 6.428865725041168488e+00
1.313145864446916722e+00 3.823295134188980704e+00
1.035093922940657274e+00 5.896332336595125234e+00
-6.203281953065139520e-01 5.961318429782212824e+00
1.616535983663239584e+00 6.019725460667931571e+00
2.048224316459774208e+00 6.122001400846585284e+00
4.434202090711100719e-01 5.461342044460289813e+00
2.395020339815890242e+00 7.042586879686617785e+00
1.425983046095746332e+00 3.851931607043645123e+00
1.320831972468728077e+00 5.346781736930026341e+00
5.763852068964375741e-01 6.986234501351159309e+00
1.363401194661735705e+00 3.607051476826577563e+00
1.069777306938390016e+00 6.210038961101195909e+00
1.322390660945915286e+00 6.417762505692061303e+00
3.199367316241835013e+00 6.721220677399228904e+00
1.743029092415695702e+00 3.773009817416101530e+00
2.769856696876280111e+00 4.776632267536026433e+00
1.188268911662839988e+00 3.842097793503473913e+00
5.532556540333481987e-01 6.804611954093667592e+00
8.505208266250799953e-01 6.019784946540533532e+00
1.786922154095589965e+00 5.883265165265394891e+00
1.288365500478543701e+00 7.052185264092392991e+00
6.481285615401032318e-01 4.574339814584964081e+00
3.918923139075916495e+00 4.308142772312386626e+00
1.632937745971751120e+00 7.025212748582255529e+00
1.179906791828183810e+00 3.654889608630289555e+00
2.569658288852902484e+00 4.631801549143080621e+00
-1.442592278492567992e+00 5.595740165086113826e+00
1.121119773432151190e+00 3.860528160324199209e+00
-2.361227183109899097e-01 5.537415923598887346e+00
-1.306468305419421716e+00 5.678385500285486387e+00
1.243910958795467092e+00 3.560482352406870277e+00
2.287637796452974825e+00 7.262331097082037168e+00
-8.284410599957438004e-01 5.486615666201042352e+00
-1.196467446564722481e+00 4.975468671307200275e+00
5.712570216796070133e-01 7.250214758123830094e+00
-2.089209847011400389e-01 5.091150295157508054e+00
8.388652089674067946e-01 6.249511263327267585e+00
9.882413232319315899e-01 7.189043765134786490e+00
2.162346114289301457e+00 4.546170397513810357e+00
2.666755076607908226e+00 4.685851784906872375e+00
9.682403802950643179e-01 6.241051522275204100e+00
3.031557916624980198e+00 5.882696528870082098e+00
7.477099726862554974e-01 3.700813000208219350e+00
-8.088567550011057650e-01 5.385330717681165780e+00
2.798616633759822392e+00 8.108880384231811789e+00
2.186141506644990073e+00 6.804253285730156975e+00
-5.672817909219833865e-01 6.102375687609060684e+00
1.428116465659072354e+00 3.809091798151624353e+00
-1.318304452354778444e+00 5.760163944379201872e+00
1.896469010523935905e+00 4.548771624136663583e+00
1.999000635976763363e+00 7.663507442155981231e+00
3.038280414691650222e+00 4.746369955595070245e+00
3.951343705205939472e+00 5.298718464858836796e+00
2.094155069771560740e+00 6.610036742808572008e+00
3.626487079830842397e+00 6.846255459892505613e+00
2.097313963984399621e+00 5.655051127571222302e+00
5.210302908432893343e-01 6.016878151853149781e+00
-1.185750694467326838e+00 5.501140042443003253e+00
2.386883249839281795e+00 6.575070837671568746e+00
-1.397682295158366506e+00 5.550058885803589526e+00
1.632400754710461754e+00 3.411019061898995730e+00
1.264886249225135817e+00 6.351629824252153611e+00
1.395021437031667366e+00 6.739826438927047469e+00
2.185586947291554782e+00 6.277239421801986907e+00
6.020048054716454766e-01 6.520944592713641796e+00
1.139690840926735449e+00 4.165888081968962098e+00
-8.926718493745772198e-01 5.446775566985595063e+00
5.252230834140686477e-01 5.635162748917587727e+00
1.873551616645759532e+00 6.086698211017892213e+00
3.770048114139976647e+00 4.479663048560822425e+00
-1.478041067465411862e+00 4.784942991536042634e+00
-1.560321869067572420e+00 4.150981904732959471e+00
3.089293315519914707e+00 4.513357774617918317e+00
-1.578368623478926036e+00 5.163262732844440706e+00
2.476943920240497476e+00 4.218784102556574211e+00
-2.873638608913354209e-01 5.583055716466654772e+00
2.869096406220936313e+00 5.074119342072654248e+00
4.322232861049688513e-01 6.451744264443514787e+00
3.629059571861064537e+00 4.583474263195292941e+00
3.195191035317539896e+00 4.304781883964049705e+00
2.891228891457685357e+00 6.751124708402636898e+00
1.444034417086646482e-01 4.974151802387559052e+00
2.466532516946111198e+00 4.315851509985491496e+00
3.920654240653025924e-01 5.855252254585617600e+00
3.040171390966032394e+00 4.364145047162417690e+00
3.931631627947975272e+00 4.382125247692810532e+00
1.605582102881245310e-01 6.470785659416074864e+00
1.376142410484862966e+00 7.144539498192076898e+00
3.736646024487785489e+00 4.107906775634724283e+00
2.517239245900408484e+00 6.241540677104045365e+00
3.131437396308955012e+00 4.190795299358825332e+00
2.594683617772178597e+00 6.422756324646775816e+00
3.735200082871583227e+00 4.550739767298845884e+00
9.563592083953574852e-01 6.892584221005427558e+00
2.372269418491109061e+00 7.350954384197518010e+00
-1.509312914129243621e+00 4.154901629411197561e+00
-1.072758654562520286e+00 5.244498768972585268e+00
2.862733765072982717e+00 6.255158936403701908e+00
-4.974301130195106779e-01 5.623383314742793182e+00
6.830558867685584401e-01 3.835889261770047742e+00
1.223949553237468679e+00 4.362809779555751000e+00
6.064708318403054799e-01 6.951722043681387575e+00
1.735816050609351180e-01 5.823968527797713790e+00
2.363820643628618878e+00 4.224433352723664825e+00
2.721622331620903168e+00 4.881861881052370400e+00
2.204708228576960138e+00 6.600881975333646068e+00
2.692048531443616888e+00 5.551467164734979143e+00
-1.589172150190758082e+00 5.665084325689865530e+00
3.059744833134470987e+00 6.927615844177962501e+00
3.030938316979614910e+00 8.224103792237096755e+00
2.155620560593156210e+00 7.148337401547309788e+00
-1.008220746851798300e+00 6.030664264451231382e+00
1.787151125463066981e+00 6.983133042209406227e+00
-1.249331028196126958e+00 5.985121383482493229e+00
1.241688133475041367e+00 3.439167369401667784e+00
2.847826575623245926e+00 7.057847419360916419e+00
-1.356551120145237821e+00 5.555853179889785665e+00
2.265982955534125765e+00 4.302218791890616956e+00
9.922679548247105297e-01 3.721822430956921224e+00
-5.414357701607700468e-01 4.362637104533367172e+00
-1.232583432727378581e+00 5.371349181244623239e+00
3.075101857322877663e+00 8.323449316752286720e+00
-1.508950772823248077e+00 5.128534205217353481e+00
1.677799518429328174e+00 6.950868520198772771e+00
-1.622813763972102308e+00 5.001885989685449729e+00
8.297199527652332485e-01 3.228492851519429330e+00
-6.644993725313571575e-01 5.968520505527253661e+00
3.716859656775829635e+00 5.090527359416902264e+00
-1.618861908363006030e+00 5.491788859035232839e+00
1.739162961118718487e+00 3.302666870461442805e+00
3.661671507431152772e+00 4.317578841927922184e+00
-1.566536962857931314e+00 5.847684213317137392e+00
3.837397824221971732e+00 5.204883670250912253e+00
2.173612851423424974e+00 6.174350530266107917e+00
-1.418478785158472810e+00 4.074422006478820357e+00
1.669093809597190559e+00 6.549568399274915187e+00
-7.982199071658315770e-01 5.365353049001408969e+00
1.918451176703408478e+00 6.581617360410443318e+00
3.930351564619705140e+00 5.420058882245955445e+00
5.781031157699905582e-02 6.271940345112430926e+00
2.890430819239590665e+00 8.136841473801471381e+00
3.822141021654264392e+00 4.833906556357520756e+00
1.507233118549307305e+00 3.389524757999246241e+00
1.502233212615624813e+00 3.732271822476461054e+00
3.236243260201852046e+00 7.535498624273774482e+00
2.944861892985784380e+00 5.172764241404361307e+00
2.851434796748187672e+00 6.844976287229221690e+00
3.508283465019784053e+00 5.424446842212563347e+00
2.506390614676619499e+00 6.159812269671154361e+00
9.332740650401419868e-01 3.480461855038927244e+00
1.862120631842180962e-01 6.497137431446045497e+00
2.733615959043028898e+00 4.960634416962763638e+00
2.375432400336476846e+00 7.083491283281151851e+00
3.706248391148720511e+00 5.133157516440579826e+00
1.670429160180374462e+00 6.083668423765360878e+00
1.580913729868830497e+00 4.023895976195335678e+00
1.236277422154253847e+00 6.212963488658212796e+00
3.543038907627487966e+00 5.809188350074808938e+00
9.085709032213875602e-01 6.573803950378223959e+00
-1.628314682024598836e+00 4.695655068591757519e+00
-1.528436273918457156e+00 4.063749629408200725e+00
-8.650694525735506124e-01 5.915917302203412831e+00
-1.016717664419057643e+00 5.607614541360944393e+00
-1.677200548935587454e+00 5.630375216509597713e+00
-1.530128615122404279e+00 4.531255209319963839e+00
-4.369000546039596422e-01 5.153808743383310187e+00
3.363833340220852897e+00 4.374818524038559531e+00
-5.041702336899496206e-01 5.520840453037642703e+00
3.274592130384949673e+00 5.849794423110473041e+00
6.249678953123233294e-01 6.939793352985247132e+00
1.878472458638366316e+00 6.947031961657755161e+00
3.708604041245603611e+00 4.604029334485748137e+00
-8.847986637851760205e-01 5.714078381388134176e+00
3.567425160274797058e+00 4.728323526473978689e+00
1.695814986171926719e+00 6.629314176968562400e+00
2.678529349505298196e+00 4.516463701922742047e+00
3.558759078788272245e-01 6.030905915911421999e+00
-1.241875646179618986e+00 5.549342713349490808e+00
9.937877594116270030e-01 7.083351485774787903e+00
9.772416892566682112e-01 4.022375518444113673e+00
3.906569498626564663e+00 5.548249112925063287e+00
2.457103659216734182e-01 5.677637408769260041e+00
-1.446580180064061416e+00 4.736051171347852140e+00
1.631726185423360675e+00 5.211430064885121283e+00
3.217064900381700454e+00 3.983080346366174140e+00
3.070352583204397412e+00 8.207708719086811655e+00
2.294818743800597804e+00 4.302781441360773229e+00
2.806898308081428706e+00 5.985434728382637459e+00
3.494300289168007723e+00 6.426065919324051912e+00
8.382383660859771268e-01 3.490545536726795461e+00
-1.690259071379630385e+00 4.235363684436802778e+00
3.156322093500447679e+00 6.352987831000416641e+00
-6.576113325902050999e-01 5.821661591362310872e+00
2.766503473759537535e+00 6.846439833718823920e+00
2.042872873607030293e+00 4.409913152344963727e+00
-1.655201573809044868e+00 5.786944880169301086e+00
3.104053865055006245e+00 4.267023396101436106e+00
-1.338190763204025524e+00 4.697950583735452490e+00
1.037356206126693436e+00 6.910656153723278905e+00
3.488734815115313026e+00 4.351185827334036027e+00
1.417159704116713881e+00 3.292805609702743386e+00
3.837240859852533159e+00 5.544920383059499969e+00
2.226477034770039776e+00 7.536602050775382367e+00
-2.063107423354751391e-01 5.044684691688400058e+00
-1.613739428913507190e+00 5.914801299298018122e+00
5.423857097611392009e-01 5.630294408751271185e+00
8.450173362024122614e-01 3.426604803508253916e+00
-1.488124709750422658e+00 4.088104441781997167e+00
-1.700431530515360334e+00 5.110825181453343191e+00
7.496102038069859530e-01 3.363017960064663914e+00
-1.406891983016383962e+00 5.580491218897653205e+00
1.285131879101192753e+00 3.471568082261288879e+00
2.055329378748874891e+00 3.720712127938535119e+00
2.860711986378285054e+00 8.245529886005266818e+00
2.384045642771420059e+00 4.439763116712112989e+00
2.979599308004897473e+00 4.083312619718639347e+00
2.999863509022746122e+00 8.082635291463374116e+00
1.750744465391463223e+00 7.299771625781914963e+00
2.367113350254567372e+00 4.757085976314749054e+00
8.261211447821277254e-01 4.218834838901958761e+00
3.458979089226347448e+00 6.651735100288686198e+00
-7.134846992629668705e-01 5.959574858152392629e+00
-7.173925704139534343e-01 6.280808055916923927e+00
3.880214505883024856e+00 5.247416175257575865e+00
2.618083578786396526e+00 5.756260078750836229e+00
3.400216002817834315e+00 6.810832516918507551e+00
1.432246585523502702e+00 7.289120908162286305e+00
3.454051564846381872e+00 4.587326577497340629e+00
1.887049839566533826e+00 6.580615040055232789e+00
-2.895338082209286679e-01 5.030671608985889165e+00
3.062025580831477800e+00 7.670595488041536569e+00
3.147353588173642969e+00 7.267842634377631228e+00
-1.451843757747725006e+00 4.071993648736291327e+00
2.874247487216739838e+00 7.979033573655987865e+00
1.699253976180786330e+00 4.303772858753585950e+00
3.296107072858542875e-01 7.152900163221014296e+00
7.732290189987768292e-01 3.370272599919377221e+00
-6.562931990461757792e-01 5.743905225317433860e+00
2.636718769732210976e+00 6.005951869055566661e+00
1.305684489294193673e+00 7.350014293962854772e+00
3.094308720894578979e+00 6.547109560058839151e+00
3.218881627162737957e-01 3.921502808606311952e+00
-6.236440143071154685e-01 5.610677635689140352e+00
3.105070582366954213e+00 6.890178924822190076e+00
2.976638468395889081e+00 8.203485914130956402e+00
3.102946121143352887e+00 7.161668240767482985e+00
1.000466780355425467e+00 6.764541663596522092e+00
-1.508564199079578616e+00 5.787780159295151883e+00
-6.168861993762129181e-01 6.128230990180262516e+00
1.990533356223400219e+00 6.322605898253291556e+00
9.166869508537461853e-01 3.282049053791859627e+00
2.917996669603459825e+00 4.641796453681940271e+00
1.742064873054249841e+00 5.143494795168544798e+00
3.568163861041094176e+00 6.788143402257954762e+00
7.542140548292954882e-01 5.155225596530178755e+00
1.342770634260682217e+00 7.054793904757869605e+00
2.642586122149888528e+00 6.190806337434779039e+00
3.882210063824870439e+00 3.966647752682508798e+00
4.086181416118519927e+00 5.413274473955036470e+00
1.217678770175199210e+00 5.007678647631622404e+00
2.748830971726284655e+00 7.070074652962985873e+00
6.159809542569246732e-01 7.294100230615609526e+00
2.243866410551396129e+00 4.188877034324042903e+00
9.148421097288224058e-01 3.863453299556311116e+00
-1.516336543540347082e+00 5.828576954615527939e+00
2.002502836526323104e+00 6.244669909328909085e+00
-6.265218969023909901e-02 6.830430500101631885e+00
4.010680537149064584e+00 5.466454043530317719e+00
3.541706738045515390e+00 6.970901351720388384e+00
4.004827539564350225e+00 5.635403642205316643e+00
4.087719694927298697e+00 4.890360218199968578e+00
2.058820723104592409e-01 5.696964531676888654e+00
1.100061438470431696e+00 3.321397745861307094e+00
1.988090332895289913e+00 6.961487663226280098e+00
-1.032289806002699484e+00 6.016187323581585034e+00
4.078447036683055416e+00 4.905162923417247356e+00
2.116349740006390423e+00 7.262337778230808283e+00
1.071571857432456198e+00 6.904327021992307856e+00
3.122463630602934970e+00 6.388297934614973528e+00
1.334119361086874012e+00 3.278594842093367046e+00
3.720299474249084692e+00 4.250899406371853928e+00
2.435971642878469012e+00 5.629831427378204189e+00
3.371073548685545873e+00 4.244811171605789468e+00
1.569068428280828043e+00 7.438718315163105110e+00
1.283080508571954548e+00 5.713460336895479053e+00
-1.560668072598562661e+00 4.267397171563628078e+00
3.017520159465485907e+00 8.276529472169061208e+00
1.253400051604867782e+00 3.000478699153509510e+00
-3.559890201336613491e-01 5.045736823836072915e+00
1.836311352392613339e+00 4.237788182683511096e+00
3.847219444617478334e+00 5.440305571817108721e+00
-1.442186827806016591e+00 6.047792863395388352e+00
-2.608009472697912501e-01 4.952351909397642693e+00
1.497833420293204210e+00 6.886174241312874145e+00
1.498283572960852572e+00 7.342932385669246109e+00
-1.594717902711027202e+00 4.313273817188457926e+00
1.257140311831581814e+00 3.157703234252611235e+00
2.204190799544662571e+00 4.487157684116443335e+00
2.346615868134510841e+00 7.530997617969960700e+00
3.278793202505569493e+00 4.501745151487630103e+00
2.278360810806744574e+00 7.077926992012509189e+00
-1.051736089852838729e+00 5.907306944891389300e+00
3.361612074391946869e+00 4.160919625191644045e+00
2.690310989610012804e+00 6.858313092730203842e+00
-9.599051706091935587e-01 6.072830137206197243e+00
1.795688209715810224e+00 3.728181273212237024e+00
1.591893205961441238e+00 3.508165778165819315e+00
1.661531322486850426e+00 6.357156825323815319e+00
2.147229400416951872e+00 5.667337475076067221e+00
1.479729091194795565e+00 6.246650049790061665e+00
3.248581374509941888e+00 7.206607536191659058e+00
3.034438114914565165e+00 4.344493352554379406e+00
2.318888997211460357e+00 4.314397643739182442e+00
3.678041349123547743e+00 3.941486969942447072e+00
2.911915879422052988e+00 4.664880951553213251e+00
4.417564280096193952e-01 6.593957192328762318e+00
-1.193912249181377616e+00 5.129989383864339558e+00
-1.741633460999446159e+00 4.219492970235230622e+00
1.951358694014556860e+00 5.243936438550999668e+00
1.589414408871027140e+00 5.159123763972450760e+00
1.809182519110446918e+00 6.689963933144701613e+00
3.570286582740067605e+00 3.951683139773102482e+00
2.938290892923371977e+00 7.803261905768102302e+00
1.863826706614242212e+00 7.477008589038980801e+00
2.791707835634828605e+00 4.228313406417823828e+00
-1.633939480027055913e+00 5.010700960690482653e+00
-1.452260000571918175e+00 5.556583975040038759e+00
3.056433930861884640e+00 7.260480934684164112e+00
9.548759465248151113e-01 3.193810347169381725e+00
-1.670584569166693178e+00 4.050672229496095511e+00
3.042281589024518063e+00 7.189981089353056909e+00
2.585976957756373373e+00 4.861828070855364281e+00
3.031751927272051450e+00 7.201561575900610634e+00
-3.333787185583894086e-01 6.460518167083700192e+00
-1.571137051582956135e+00 5.445156522430109725e+00
9.159927673750736243e-01 6.718122971666013576e+00
2.937843389884622347e+00 7.807948907045952680e+00
2.198083946904705765e+00 5.719501174981298064e+00
3.923215418700421342e+00 5.026859981283130274e+00
3.447115875651823202e+00 6.984848354518370606e+00
1.119072994650366804e+00 3.965604092782491819e+00
1.115387790938698220e+00 4.267150828020091602e+00
1.303161470919069753e+00 3.366412124041766596e+00
-1.385942389964367916e+00 5.962733020990929056e+00
2.615400339382139450e+00 6.205863565453904052e+00
2.638030952453461087e+00 3.933926548479045326e+00
1.579971513394796245e+00 5.241675458504817087e+00
1.879289414152443438e+00 3.961159736057355385e+00
3.760343327201565722e-01 7.114499103220264686e+00
3.410717934986732036e+00 6.985614553414092320e+00
1.350920263883972794e+00 6.987344365603425977e+00
8.613264503739449518e-01 7.313900616080300843e+00
-1.417539235139775977e+00 3.997699536553323441e+00
1.039754204222451683e+00 7.123118781827492363e+00
3.995015204451443314e+00 5.141530633741800749e+00
2.120925730850297342e+00 7.051591459652351901e+00
1.625734802760568698e+00 4.005624047104920926e+00
1.797444988320065828e+00 3.598432659509090747e+00
-1.583110272548878372e+00 6.360854313702810181e+00
3.601124350797535900e+00 5.402731395744196696e+00
1.386567227878529041e+00 5.869760835265993570e+00
-1.316261127120875063e+00 3.887015750201488373e+00
-1.554523459162254317e+00 5.864972987259806203e+00
4.058952040261353922e+00 4.356752133101329250e+00
5.410788296546878984e-01 7.212674746469013520e+00
2.928428513280840306e+00 8.369751176266811754e+00
3.341603466101015218e+00 6.784089218187835613e+00
4.184776603576301213e+00 5.194729834648835975e+00
3.229188259240748149e+00 4.883380442876551264e+00
2.935204825008862706e+00 8.273901740810520877e+00
-1.404067078649497091e+00 4.026569971956784677e+00
3.621998602978404591e+00 4.055249405042190780e+00
-1.865818336590289395e+00 5.596813163503962407e+00
3.770728030698270672e+00 4.145518957013536898e+00
2.936673893916033062e+00 8.365774253721154352e+00
1.567752399225790683e+00 3.414985470483920427e+00
6.472871817343229806e-01 3.238722251063629543e+00
-6.525040112767397371e-01 5.872914929086805458e+00
3.532612538597190266e+00 7.079417653356965268e+00
1.409010526327280077e+00 3.746468063858007458e+00
1.259668103916085968e+00 7.313240628067842586e+00
1.992007131777110196e+00 4.124282419863847693e+00
2.280617102212825209e+00 7.507516049626755006e+00
2.498207932885179172e+00 4.786183063794570813e+00
2.845741159185818603e+00 4.758450632622968968e+00
2.274582151458788726e+00 3.821154943072023080e+00
