1 0 1
0 11 1
0 0 1
0 12 1
12 0 1
0 12 1
0 12 1
12 0 1
1 0 1
0 11 1
1 0 1
1 0 1
1 0 1
1 0 1
12 0 1
1 0 1
1 0 1
1 0 1
0 12 1
12 0 1
0 12 1
12 0 1
1 0 1
1 0 1
0 12 1
1 0 1
0 12 1
12 0 1
0 3 1
0 12 1
0 11 1
-4 -13 1
12 0 1
12 0 1
0 12 1
0 11 1
0 11 1
1 0 1
12 0 1
0 0 1
0 12 1
12 0 1
-4 -13 1
0 12 1
1 0 1
1 0 1
0 12 1
1 0 1
-4 -13 1
1 0 1
0 12 1
0 12 1
1 0 1
-4 -13 1
0 12 1
1 0 1
12 0 1
1 0 1
12 0 1
1 0 1
-4 -13 1
0 12 1
12 0 1
0 12 1
12 0 1
1 0 1
0 12 1
0 11 1
0 0 1
0 11 1
1 0 1
0 12 1
0 12 1
0 12 1
12 0 1
12 0 1
0 2 1
1 0 1
0 12 1
0 3 1
-4 -13 1
0 11 1
12 0 1
0 0 1
12 0 1
0 12 1
0 12 1
1 0 1
0 3 1
1 0 1
12 0 1
12 0 1
0 11 1
-4 -13 1
0 11 1
0 3 1
1 0 1
12 0 1
0 0 1
0 0 1
0 12 1
12 0 1
12 0 1
0 11 1
0 12 1
12 0 1
1 0 1
1 0 1
1 0 1
12 0 1
1 0 1
0 12 1
0 2 1
0 3 1
12 0 1
1 0 1
0 3 1
-4 -13 1
12 0 1
12 0 1
0 12 1
0 3 1
1 0 1
12 0 1
0 0 1
1 0 1
-4 -13 1
-4 -13 1
12 0 1
1 0 1
0 11 1
-4 -13 1
-4 -13 1
12 0 1
12 0 1
0 11 1
1 0 1
0 3 1
0 3 1
-5 -13 1
0 0 1
0 12 1
1 0 1
2 0 1
12 0 1
12 0 1
12 0 1
0 11 1
12 0 1
1 0 1
0 3 1
12 0 1
0 3 1
1 0 1
2 0 1
1 0 1
0 3 1
1 0 1
1 0 1
0 11 1
-4 -13 1
-4 -13 1
12 0 1
12 1 1
1 0 1
0 0 1
0 11 1
12 0 1
0 3 1
0 11 1
12 0 1
1 0 1
-4 -13 1
0 12 1
0 12 1
12 0 1
0 12 1
-4 -13 1
0 12 1
1 0 1
1 0 1
-1 1 3
1 0 1
0 12 1
0 12 1
0 12 1
0 11 1
-4 -13 1
12 0 1
1 0 1
-4 -13 1
0 2 1
12 0 1
0 2 1
0 12 1
12 0 1
1 0 1
0 3 1
0 3 1
12 0 1
-4 -13 1
0 3 1
0 12 1
0 2 1
12 1 1
0 3 1
0 3 1
0 12 1
12 2 1
1 0 1
12 1 1
-1 1 3
1 0 1
0 0 0
12 1 1
-4 -13 1
0 11 1
0 12 1
1 0 1
0 0 1
12 0 0
1 0 1
12 0 1
0 3 1
0 12 1
0 0 1
1 0 1
-4 -13 1
0 12 1
0 12 1
12 0 1
12 1 1
1 0 1
12 1 1
0 4 1
12 2 1
0 3 1
-4 -13 1
0 12 1
0 12 1
0 12 1
0 3 1
1 0 1
0 0 1
-3 -12 1
12 0 1
0 11 1
-4 -13 1
-1 0 3
1 0 1
0 12 1
12 0 1
0 12 1
1 0 1
-4 -13 1
0 12 1
1 0 1
12 1 1
-4 -13 1
1 0 1
0 12 1
0 3 1
1 0 1
0 3 1
12 1 1
12 0 0
-1 1 3
12 1 1
12 0 0
0 11 1
0 11 1
-4 -13 1
-1 0 3
0 0 1
-4 -13 1
12 1 1
1 0 0
-4 -13 1
0 0 1
12 1 1
2 0 1
0 2 1
1 0 1
0 4 1
12 0 1
12 0 1
-4 -13 1
1 0 0
1 0 1
-4 -13 1
0 3 1
0 3 1
1 0 1
1 0 1
0 0 1
12 0 1
0 12 1
0 12 0
12 1 1
0 12 1
0 11 1
12 0 1
0 11 1
1 0 1
12 0 1
0 12 1
-1 1 3
12 2 1
12 0 1
12 1 1
0 3 1
2 0 1
0 2 1
-4 -13 1
0 3 1
12 0 0
2 0 1
-4 -13 1
1 0 0
0 12 1
0 2 1
-4 -13 1
0 3 1
-1 0 3
-4 -13 1
1 0 1
-4 -13 1
12 0 1
0 11 1
12 1 1
-4 -13 1
0 3 1
0 0 0
12 0 1
12 1 1
-4 -13 1
0 12 1
0 12 1
-1 0 3
12 0 1
12 1 1
-3 -12 1
-4 2 4
-2 -13 3
1 0 1
0 0 3
-4 -12 0
0 0 1
0 12 1
-3 2 3
12 2 1
12 1 1
12 0 1
-5 -13 1
0 11 1
12 0 0
12 2 1
-4 -13 1
-4 -11 3
-1 0 3
-4 -12 0
0 3 1
0 12 1
-1 1 3
12 0 1
12 2 1
-4 -13 1
0 12 1
0 3 1
-4 -13 1
-4 -13 1
0 12 1
-3 2 4
-1 0 3
0 12 1
12 1 1
-4 -13 1
-1 0 3
1 0 1
0 2 1
-4 -13 1
-4 -13 1
12 1 1
-4 -13 1
0 0 4
0 3 1
0 12 1
0 3 1
0 0 1
12 0 1
12 0 1
0 12 1
0 12 1
12 1 1
0 2 1
12 1 1
12 0 1
0 2 1
1 0 1
-1 0 4
0 12 1
12 0 1
-1 2 3
0 0 1
0 0 3
-1 0 3
0 11 1
-3 -11 3
0 2 1
2 0 1
0 11 1
-3 2 3
-1 1 3
-1 1 3
-4 -13 1
12 0 1
-4 -12 0
-1 2 3
0 12 1
-3 2 4
-2 0 3
-1 0 4
0 11 1
0 12 1
12 0 1
-4 -13 1
0 0 1
-1 1 3
1 0 1
1 0 1
-1 0 3
0 12 1
12 1 1
0 12 1
12 1 1
2 0 1
-4 -12 0
-5 -13 1
0 2 1
-3 2 3
12 0 1
1 0 0
-2 0 3
-1 1 3
1 0 1
0 3 1
-1 0 3
12 1 1
0 12 1
0 3 1
-1 0 3
12 0 1
2 0 1
-2 2 4
0 12 1
-3 -12 3
-3 3 3
12 2 1
-2 0 3
-3 2 4
-2 0 3
-4 -13 1
0 0 1
0 12 1
12 0 1
-1 0 4
0 4 1
12 0 1
12 1 1
0 11 1
-3 3 3
0 12 1
-4 2 4
0 11 1
-1 0 3
-1 0 4
0 12 1
0 12 1
0 12 1
12 1 1
-2 0 3
0 1 0
0 3 1
-2 0 3
12 0 1
-3 2 4
1 0 1
-3 -13 3
-1 1 3
1 0 1
0 3 1
1 0 1
-4 -13 1
12 1 1
12 1 1
0 2 1
12 0 1
12 0 1
-1 1 3
12 1 1
12 0 1
-4 2 3
1 0 1
12 0 1
-4 -13 1
0 2 1
0 4 1
-3 -11 3
0 0 1
-4 -13 1
-2 0 3
-3 3 3
0 0 1
0 12 0
-2 0 3
-3 -13 4
12 0 1
-1 1 3
12 1 1
0 3 0
0 0 1
-3 3 3
12 1 1
-4 -13 1
-3 2 4
-1 1 3
-2 0 3
0 3 1
12 0 1
0 0 1
0 4 1
-1 1 3
0 0 0
12 0 1
-1 0 4
-4 2 4
12 1 1
-1 0 4
12 2 1
1 0 1
-3 3 3
0 3 1
-1 0 4
1 0 1
-3 -11 3
-1 1 3
12 0 1
-3 3 4
0 12 1
12 0 1
-1 0 3
12 1 1
1 0 1
-2 3 3
0 12 1
12 1 1
0 11 1
-2 0 3
1 0 1
12 0 1
0 3 1
-4 2 4
12 1 1
1 0 0
1 0 1
-4 -13 1
0 12 1
-4 -12 1
1 0 0
-3 0 3
-3 -13 3
2 0 1
0 3 1
0 1 0
0 0 0
0 11 1
0 12 1
12 1 1
0 0 1
1 0 1
1 0 1
-1 2 4
0 0 4
0 12 1
0 0 4
-1 0 3
0 0 0
0 11 1
12 0 1
-3 3 3
12 0 1
12 0 1
0 3 1
-3 0 3
-4 -13 1
0 13 3
0 3 1
0 12 1
12 1 1
2 0 1
-2 2 4
1 0 1
-2 3 4
-3 -13 3
0 1 0
12 0 1
12 1 1
1 0 1
-2 0 3
-1 1 3
-3 -12 3
-3 3 3
2 0 1
-4 2 4
0 3 1
-3 -13 3
0 12 1
1 1 0
-3 2 4
-3 -11 3
-4 -13 1
-4 -13 1
-4 -13 1
12 0 1
0 3 1
1 0 0
12 0 1
0 1 0
1 0 1
-3 -12 3
-1 0 4
-3 3 3
-4 2 3
-3 0 4
-1 0 4
-2 2 4
1 0 1
0 12 1
-3 3 4
-3 2 4
1 0 1
-3 2 4
1 0 1
0 11 1
12 0 1
-3 2 4
-3 -12 3
1 0 1
-3 -12 3
-3 3 4
12 0 1
1 0 0
-1 1 3
12 2 1
-3 2 3
-4 -13 1
-4 -13 1
12 0 1
-1 0 4
-4 -13 1
0 13 3
-3 3 3
-1 2 4
-3 3 3
1 0 1
-3 -13 4
0 1 0
-3 -11 3
-3 0 4
0 12 0
-4 -13 1
12 1 1
12 0 1
-1 2 4
0 1 0
0 3 1
-4 -12 0
0 3 1
0 0 0
0 12 1
0 3 1
1 0 0
1 0 1
-4 -12 0
-3 -12 3
-4 -13 1
0 3 0
1 0 1
0 3 1
-4 -11 3
12 2 1
-4 -11 3
-4 -13 1
12 1 1
-3 -11 4
0 0 0
-3 -11 4
12 1 1
-2 2 4
0 0 0
2 0 1
0 0 1
-1 0 4
-3 2 4
0 0 0
12 0 1
12 2 1
-2 0 4
0 1 0
-4 -13 1
-3 -12 3
-3 -13 3
0 3 0
-2 3 3
0 12 0
0 1 0
-3 -11 3
1 0 1
-1 1 3
-4 -12 4
-4 -11 3
12 0 0
-2 0 3
0 4 1
-3 -12 3
-2 2 4
12 0 1
-3 -13 4
12 0 1
-3 2 4
-3 -12 3
-2 -12 3
0 0 4
-4 2 3
0 3 1
-4 -13 1
-3 1 4
12 1 1
-3 -12 3
-1 2 4
-3 -11 3
0 12 1
12 0 1
-1 1 3
-1 2 4
1 0 0
0 12 1
12 1 1
12 0 1
-4 -12 4
0 12 1
-5 -13 1
12 0 0
0 12 1
1 0 0
0 13 3
-3 0 3
0 0 0
-1 1 4
-3 0 4
-3 3 4
-3 -13 3
-4 2 3
-2 3 4
-1 0 3
0 0 4
-1 0 4
0 2 1
12 1 1
0 12 0
12 2 1
-3 -12 3
-4 -12 3
-3 0 3
-3 -13 3
-3 -13 3
-3 3 4
12 0 1
-2 2 4
0 3 0
-3 -13 3
12 0 1
-1 0 3
-1 0 3
-4 -13 1
-2 3 4
0 3 1
0 1 0
12 1 1
1 0 0
12 0 1
-3 -12 3
0 3 1
0 0 1
-1 2 4
0 0 1
1 1 0
0 0 0
-3 3 4
-1 0 4
-1 2 4
12 1 0
-3 2 4
-3 0 4
-3 2 4
0 12 1
-1 0 4
-1 1 3
0 13 3
-1 2 3
-1 0 3
-3 -13 4
-4 -12 0
0 11 1
0 0 0
0 3 0
-3 0 3
-3 3 3
12 0 1
-4 2 3
-4 2 4
-3 -12 4
1 0 0
-1 1 3
0 12 1
12 0 1
12 1 1
-1 0 4
-3 0 4
0 13 3
0 1 0
12 0 1
1 0 0
-3 -11 4
12 1 1
-4 -12 4
-3 2 3
0 3 1
12 0 0
0 0 1
-3 -12 1
12 0 1
-3 1 4
12 0 1
1 0 1
-4 1 3
0 1 0
0 0 0
12 1 1
0 11 1
-2 0 3
-1 0 4
0 0 1
-3 2 3
-3 -13 1
12 1 1
-3 -13 4
0 12 1
-4 -13 1
-3 -12 3
-2 -13 3
1 0 0
0 12 1
0 1 0
-4 -12 4
-4 -13 1
0 0 1
-1 1 3
12 0 1
-1 2 4
0 12 1
-2 0 3
-1 1 3
0 4 1
-4 -11 3
-2 0 3
-3 -12 0
-1 2 3
0 0 1
0 3 1
-1 2 4
12 1 1
-3 -12 3
0 0 1
12 0 1
-3 3 3
-2 3 4
1 0 1
0 0 1
-4 2 3
-5 -13 1
-3 -13 4
-2 0 3
-2 2 3
1 0 0
0 1 0
0 11 1
-1 0 3
0 13 3
-3 2 3
-3 0 3
0 0 1
-3 2 4
-1 2 3
1 0 1
-2 0 3
-3 1 3
-4 -12 3
0 13 0
0 1 0
0 0 0
12 2 1
2 0 1
1 0 1
0 3 1
0 12 1
0 3 0
-2 2 4
-3 0 4
0 0 0
-3 -13 3
-3 -13 3
-4 -12 0
-3 0 3
0 12 0
-2 2 4
-4 2 4
0 1 0
0 3 0
-1 0 3
-4 -12 4
-4 -12 3
-2 2 4
-2 0 3
12 0 0
-3 -13 4
-1 0 3
-1 0 3
0 1 0
-4 2 4
-1 1 3
0 13 3
0 11 1
0 11 1
-4 1 3
-3 1 3
0 3 0
-2 -13 4
0 2 1
-3 0 3
-3 -13 4
-3 -13 1
-4 -12 0
0 13 3
-2 0 4
0 2 1
-2 0 3
-4 1 3
0 12 1
-3 -12 4
-1 0 3
-2 0 3
0 13 3
0 13 0
0 0 0
0 12 0
12 0 1
-3 -12 3
2 0 1
-4 -12 0
-4 1 3
0 4 1
12 0 1
-3 -11 3
-1 1 3
12 2 1
-3 0 3
0 12 0
-3 -11 4
0 0 4
-3 0 4
-2 -12 3
0 3 0
0 0 3
-4 1 3
-3 0 4
-1 0 4
12 2 1
-3 -12 3
-3 -11 3
12 1 0
-3 -13 4
-3 2 4
-3 0 3
0 0 4
-3 -11 3
-1 2 3
-2 0 3
-2 -12 3
-3 0 3
1 0 0
12 2 1
-2 0 4
-4 -13 1
1 0 1
-4 -12 0
12 2 1
-3 0 3
-1 2 4
-3 0 4
0 11 1
0 0 0
-4 -11 4
-4 2 4
-2 2 3
-2 3 4
-3 -11 4
-4 2 4
0 12 0
0 2 0
1 0 1
-1 1 3
-4 -12 0
0 12 1
-3 -13 3
0 13 0
-1 2 4
0 0 1
12 1 1
2 0 1
-2 1 3
-4 -12 0
0 1 0
-3 -11 4
-4 2 4
-4 -11 3
-3 -11 4
0 1 0
1 0 1
0 3 0
12 0 1
0 0 1
12 0 1
-1 2 4
0 0 0
-3 0 4
12 0 1
-3 -11 3
0 13 3
0 12 1
0 12 1
-1 0 3
-4 -12 3
0 13 3
-3 -13 3
1 1 0
0 0 0
-3 -12 3
0 4 0
-1 0 3
-3 -12 3
-3 3 4
-3 2 3
-1 1 3
-4 -13 1
-3 3 3
0 13 0
0 0 0
-1 2 3
0 0 0
0 0 0
-4 2 3
-3 -11 3
-2 3 3
0 12 0
-4 -13 1
-1 2 4
0 0 1
-3 3 4
0 1 0
0 0 0
-2 -13 4
-3 -11 3
0 12 1
0 13 3
-3 1 3
0 0 1
-2 0 3
-2 3 3
-3 -12 4
0 1 0
0 12 0
-1 0 4
2 0 1
0 3 1
12 1 1
0 2 0
0 2 1
0 13 0
-3 2 3
12 2 1
-3 -11 3
-2 0 4
0 2 1
0 13 0
0 1 0
-2 3 3
0 0 1
0 11 1
-4 -12 3
12 1 1
-3 -12 4
0 0 0
0 1 0
-4 -12 4
-2 0 4
0 0 0
-4 -12 1
0 12 1
-3 -13 4
0 3 0
0 0 0
0 13 3
-1 0 3
-4 -12 4
12 0 1
0 13 3
-4 2 3
0 12 1
12 0 0
0 3 1
0 1 0
0 0 0
-4 2 4
-3 -13 3
0 13 0
-2 0 3
-4 -12 0
0 13 3
12 0 1
-3 0 3
-4 -12 4
-3 -12 4
-4 -13 1
-2 0 3
-1 2 3
-1 0 4
-2 0 3
-4 -12 0
1 0 1
-1 1 3
12 0 1
0 12 0
-3 -13 4
-4 2 3
-2 -12 3
-3 0 4
-4 -13 1
-3 -13 3
0 11 1
0 13 3
0 3 1
-4 2 4
-4 -12 1
0 0 1
0 2 1
-2 3 3
-3 -13 3
-2 3 3
0 3 1
-2 0 3
-4 -13 1
-3 -12 3
-3 -11 3
0 13 3
-4 -12 0
0 0 1
-3 3 3
-4 1 3
-3 2 4
0 13 3
-4 -13 1
-3 3 4
-3 2 3
0 13 0
-1 0 3
0 11 1
12 2 1
-2 0 3
-2 3 3
0 4 1
1 0 1
-3 -13 3
-4 1 4
12 2 0
0 13 3
0 2 1
0 11 1
0 1 0
2 0 1
0 1 0
-3 -11 3
-4 -12 4
12 1 1
0 1 0
1 0 0
0 1 3
-4 -11 4
-2 0 4
-4 -12 4
12 2 1
-4 -13 1
0 3 0
0 11 1
-1 2 4
-3 0 3
-3 -12 4
-3 -13 4
-3 2 3
-1 2 4
12 2 0
12 1 1
12 2 1
-3 0 3
-2 2 3
-3 -12 4
0 3 0
-4 -12 3
-3 -13 3
-2 2 4
0 1 0
0 1 0
0 12 0
-3 1 3
0 1 0
-4 2 3
0 13 3
12 1 1
-2 -13 3
-3 -13 3
-1 2 3
-3 0 3
-3 -12 3
0 2 1
0 12 0
-2 3 4
12 2 1
0 3 0
0 12 1
-2 0 4
0 0 0
-2 2 3
-2 0 3
-3 0 3
-1 0 4
-4 -12 0
-1 2 4
-1 1 0
0 1 0
-2 0 3
-4 -12 4
1 0 1
-1 2 3
-2 3 4
-3 0 3
-3 -13 3
-2 3 4
-3 -13 4
12 0 1
12 0 1
0 2 0
0 0 1
12 0 1
-3 -12 3
-4 -13 1
-3 -13 4
12 1 0
-2 0 3
1 0 1
-3 -11 4
-4 1 4
-3 2 4
0 12 0
-5 -13 1
-3 3 3
-4 -11 3
1 0 1
-3 0 3
-4 2 4
-2 3 3
-4 2 3
0 1 0
12 1 1
-2 0 3
1 0 1
-4 2 3
0 1 0
-2 0 3
-3 -12 3
-3 0 4
-3 0 4
12 0 3
-3 -13 4
-3 -11 3
0 12 0
-3 0 3
-4 -13 1
-4 -12 0
-3 -13 3
-3 -11 3
-2 0 4
-4 -13 1
0 1 0
1 0 1
-4 -12 0
-4 -12 0
-3 2 3
-1 2 3
-4 -12 1
-2 2 4
-3 1 3
-3 -11 4
-3 -11 4
0 0 0
0 13 3
0 13 0
0 12 1
-2 3 3
0 0 0
-1 1 3
0 0 0
12 1 1
-1 1 3
0 12 1
1 1 0
0 13 0
-3 -11 4
0 13 3
0 12 0
1 0 0
-2 2 4
-1 2 4
12 1 1
0 1 0
0 0 0
-3 2 4
0 3 1
-2 3 3
-2 -11 3
-3 1 3
0 0 0
0 13 3
0 2 1
1 0 1
12 0 0
-3 -13 3
0 13 3
12 1 1
-2 -12 3
-4 -13 1
-2 -13 4
-1 1 3
-3 -11 3
-2 0 4
-3 -13 3
0 13 3
0 0 1
0 11 1
0 13 3
-3 -12 4
-4 1 4
0 13 3
-1 1 3
0 3 1
12 2 1
-1 2 4
0 12 1
0 13 3
0 0 1
-4 -12 0
-1 2 3
0 13 3
-1 1 3
0 13 3
-2 2 3
0 1 0
-3 -12 4
0 11 1
-2 3 3
-3 3 4
0 12 1
-1 1 3
-4 -13 1
0 1 0
0 3 1
-2 0 3
-3 0 3
0 3 0
0 1 0
-3 -12 1
0 0 0
12 1 0
-3 2 4
0 13 0
-1 2 3
0 13 3
0 2 1
0 0 0
-3 -11 4
-3 -13 3
1 0 1
-3 -11 3
-2 3 4
-2 0 4
-2 3 3
12 2 1
0 11 1
-1 0 3
-4 1 3
-3 -11 3
-4 -12 3
-2 -12 3
-4 -12 0
-3 0 4
0 13 3
0 3 1
-4 -12 4
-1 1 3
2 0 1
-3 -13 0
12 0 1
-4 1 4
0 11 1
-3 -11 3
-1 2 3
12 2 1
-3 0 4
0 11 1
0 3 1
-4 -12 4
0 13 0
0 1 0
-4 2 3
-3 -12 1
-3 -12 4
0 1 0
0 3 1
0 1 0
12 0 0
0 4 1
0 12 0
-4 1 4
1 0 1
1 0 1
1 0 1
0 2 1
0 12 0
0 3 1
-4 -11 0
0 12 0
12 1 1
-3 0 4
-3 0 3
0 1 0
0 2 0
12 1 1
0 1 0
-3 -11 4
0 12 0
12 2 1
-2 2 3
-2 2 3
0 2 0
-2 0 3
0 0 0
0 13 3
-4 -13 0
-3 3 3
0 0 0
12 1 1
0 0 0
0 12 1
-2 -13 4
0 1 0
-3 0 4
1 0 1
-3 -11 3
0 13 3
-3 -12 0
-4 1 4
-3 -11 3
-3 -11 4
12 0 1
-3 1 3
-3 0 3
-2 3 3
-4 -12 4
-3 -11 4
-2 0 3
0 1 0
-2 0 4
12 0 1
-2 2 3
-4 2 3
-2 3 3
-3 3 3
-1 2 3
-1 2 3
-2 3 4
-2 2 4
0 13 3
-4 2 3
-4 -12 0
-4 -12 0
-3 -13 3
0 4 1
-4 2 3
-3 -13 3
-3 -12 4
-2 2 3
0 0 0
0 11 1
2 0 1
12 2 1
0 1 0
0 1 0
-1 1 0
-3 2 3
-3 3 4
0 1 0
-3 -13 3
0 12 1
0 3 0
12 0 1
0 4 1
-3 -12 4
-3 2 4
12 0 1
1 0 1
0 13 3
-3 -13 3
-1 1 3
-1 0 3
-3 -13 3
-4 -12 3
0 1 0
-3 -13 3
12 1 1
-4 -12 0
-2 3 4
-3 1 3
12 0 0
0 3 0
-2 0 3
-3 0 4
0 1 0
0 4 1
0 0 0
-3 -13 4
-3 3 3
2 0 1
-4 1 3
-1 2 3
-2 0 3
0 3 1
0 13 3
-3 0 3
-1 1 3
-1 1 3
-1 1 0
0 12 0
-3 -13 4
0 0 1
-4 2 3
-2 2 3
0 1 0
-3 -11 3
12 1 1
0 0 0
-3 -12 0
1 1 0
0 0 0
-2 1 3
1 1 0
-3 2 3
-3 -11 3
-4 -12 1
1 0 0
-3 -12 3
-3 -13 3
-3 -13 3
12 0 1
-3 -13 3
0 1 0
-1 2 3
0 3 1
-3 -12 3
0 0 2
-3 -11 4
-2 -13 4
0 1 0
0 2 0
1 1 0
0 1 0
0 12 0
-1 1 3
12 1 1
0 1 0
0 1 0
1 0 1
-1 2 3
-3 0 3
0 13 3
-4 -13 1
-4 1 4
-4 -12 1
-4 2 3
-4 -13 1
0 13 3
-1 2 3
0 13 3
-4 -13 1
-4 1 4
-4 -13 1
-1 1 3
-5 -13 1
12 1 1
0 13 0
-2 0 3
-2 3 4
0 0 0
0 3 1
-2 -13 3
0 1 0
-3 -13 3
-1 1 3
0 11 1
12 2 1
-3 2 3
-3 -13 4
0 3 1
-3 -12 0
0 0 0
-1 0 4
0 3 0
12 1 1
-2 -13 3
-2 -12 3
-4 -11 3
12 2 1
-3 -12 3
-4 -12 0
-1 0 4
-2 0 3
0 0 1
-1 2 3
-1 2 3
0 1 0
-4 -12 0
0 0 1
0 13 3
12 2 1
-4 -12 3
-3 -13 4
0 0 0
1 0 0
0 12 1
-2 0 3
0 1 0
12 1 1
0 1 0
-5 -13 1
-3 -12 1
-3 3 3
-2 2 3
-1 0 3
0 12 1
-1 2 4
12 1 1
0 13 3
0 0 1
0 1 0
-3 1 3
-2 3 3
-3 -11 3
-2 -12 3
0 0 1
-3 2 3
-3 2 3
-2 -13 3
-3 0 3
-2 -12 3
-1 2 3
12 1 0
12 2 1
0 13 3
2 0 1
0 12 0
-3 -12 4
-3 2 3
0 1 0
-3 2 3
-2 0 4
0 0 0
0 12 1
-3 2 4
0 0 0
-3 -12 0
0 3 0
-4 -12 4
0 1 0
0 11 0
-1 2 3
0 0 0
-3 -12 0
-2 -12 3
-2 2 3
-3 0 3
0 0 0
-4 -12 3
-3 -12 0
-3 0 4
-3 3 3
0 13 0
1 0 1
0 1 0
0 0 1
-2 0 4
-3 -12 4
0 3 1
12 1 1
-4 -13 1
12 0 0
0 12 0
0 13 3
1 1 0
0 0 0
0 13 3
-2 3 4
-3 -11 3
-3 -11 3
12 1 0
-3 -13 0
12 0 0
-4 1 4
1 0 0
-2 3 3
0 0 0
0 0 1
-3 -11 0
0 1 0
-2 2 3
0 3 1
0 0 1
0 1 0
1 0 0
-3 0 4
-3 2 3
12 0 1
0 0 0
1 1 0
-3 1 3
1 0 1
-1 0 3
0 3 1
0 1 0
0 0 0
0 3 1
-3 -11 3
-4 1 3
-2 0 3
0 1 0
-2 3 3
-2 0 3
-3 0 3
-3 -11 3
-3 3 3
-3 3 3
-3 -12 0
-3 -11 3
0 11 1
-2 0 3
1 0 0
0 12 1
-1 2 3
-1 1 3
-1 2 3
-5 -13 1
-3 -12 4
-1 0 3
12 0 1
-2 0 3
0 2 0
-3 2 4
-1 1 4
1 1 0
-3 -11 3
-2 0 3
-2 0 3
-3 -11 3
1 1 0
0 0 1
0 13 3
-1 0 4
-1 1 3
-1 1 3
-4 -11 3
12 1 1
-3 0 4
-4 2 4
-1 2 3
12 2 1
-2 0 3
-1 1 4
12 2 1
-1 2 3
1 1 0
0 0 0
-3 -11 3
-1 1 3
1 1 0
-3 -12 3
-2 0 3
-4 -12 0
1 0 1
-3 -11 3
0 0 1
-3 3 4
-1 0 4
12 1 1
0 12 1
-1 2 3
-3 -12 4
-3 -12 0
-3 2 4
-2 0 4
0 11 1
-2 2 3
0 0 0
0 1 0
0 2 0
-4 2 3
12 1 1
-3 3 3
12 0 3
1 1 0
-3 1 4
-2 1 3
-3 -13 4
0 0 0
-3 -11 3
-4 0 4
-3 0 3
0 12 0
-4 2 4
-3 -12 4
-2 1 3
0 1 0
-4 1 4
12 0 3
-4 -12 0
-4 -12 0
-3 1 3
12 2 1
12 0 1
-3 -12 4
0 2 0
-3 0 3
-1 1 4
-4 -11 3
12 0 1
-1 0 3
0 4 1
0 13 3
0 11 1
0 3 1
-2 0 4
-3 -12 3
-4 2 4
0 1 0
12 0 0
-4 2 4
0 0 0
0 1 0
-1 2 3
0 0 0
0 13 3
-4 -13 1
-4 -12 3
-4 1 3
-3 -13 4
1 0 1
-2 -13 3
0 3 0
-3 2 3
-2 -12 3
0 2 0
0 1 0
-1 2 3
-3 2 4
12 0 1
-2 -13 4
-3 -11 3
0 1 0
-2 0 3
0 1 0
-2 3 4
0 12 0
-3 -12 0
-2 0 3
1 0 1
0 2 0
1 0 1
12 0 0
-1 2 3
-2 0 3
-2 1 0
0 12 1
12 0 3
1 0 1
1 1 0
-4 2 3
-1 2 4
0 0 0
-2 0 3
0 1 0
-1 0 3
0 1 0
0 1 0
-3 -13 3
0 0 0
0 13 0
-3 -12 1
-3 1 3
0 3 0
-2 2 3
1 0 1
-5 -13 1
1 0 1
-1 2 3
-3 -12 1
-3 0 3
0 13 3
12 0 3
0 0 0
0 0 0
-3 0 4
-4 2 3
0 0 0
-1 2 3
0 0 0
0 0 0
0 4 1
-3 0 3
-1 2 3
-2 2 3
-3 -12 4
-3 0 4
-2 2 3
0 13 3
-1 2 4
1 0 1
-2 0 3
-1 1 4
0 3 0
-4 1 3
12 0 1
-2 -13 3
-2 0 3
-2 0 3
-2 -13 4
-1 0 4
12 0 1
-1 0 3
1 0 1
-3 -13 3
0 1 0
-2 3 4
12 1 1
-3 2 4
0 0 0
-3 2 4
-4 2 3
-1 2 0
-1 2 4
0 1 0
0 1 0
-1 2 3
-1 1 3
-3 2 3
0 1 0
-4 -13 1
-4 -11 0
0 0 0
0 2 0
-1 2 4
0 3 1
-3 -12 3
0 1 1
0 0 1
